Q1:
Num	Shell	Insertion
8	33	22
32	180	307
128	1325	4294
512	12440	63555
1024	46560	259323
4096	641470	4158311
4192	686631	4388575
8192	2620254	16849226

Q2:
Num	Count		Duration
1024	264541		4
2048	1027236		5
4096	4183804		9
8192	16928767	15
16384	66641183	29
32768	267933908	33

Q4:
Ordered:
Num	Merge	BUMerge  
1024	5120	5120
2048	11264	11264
4096	24576	24576
8192	53248	53248
16384	114688	114688
32768	245760	245760

Unordered:
Num	Merge	BUMerge  
1024	8954	8954
2048	19934	19934
4096	43944	43944
8192	96074	96074
16384	208695	208695
32768	450132	450132

Q5:
QuickSort:
Ordered:
Num	Count	Duration
1024	7180	3
2048	16397	4
4096	36878	6
8192	81935	12
16384	180240	16
32768	393233	21

Unordered:
Num	Count	Duration
1024	8515	1
2048	18673	3
4096	42797	6
8192	95148	11
16384	216062	12
32768	467658	39

MergeSort:
Ordered:
Num	Count	Duration
1024	5120	3		
2048	11264	4	
4096	24576	6		
8192	53248	14	
16384	114688	17		
32768	245760	24	

Unordered:
Num	Count	Duration
1024	8954	4		
2048	19934	8		
4096	43944	14	
8192	96074	16	
16384	208695	29	
32768	450132	47	

Cutoff Quick 7:
Ordered:
Num	Count	Duration
1024	9362	2		
2048	20755	4	
4096	45588	6		
8192	99349	8	
16384	215062	16		
32768	462871	25	

Unordered:
Num	Count	Duration
1024	10080	1		
2048	21820	3		
4096	49337	4	
8192	108106	8	
16384	241920	26	
32768	519041	50	


CutoffMerge 7:
Ordered:
Num	Count	Duration
1024	5632	5		
2048	12288	8	
4096	26624	9		
8192	57344	13
16384	122880	20	
32768	262144	54	

Unordered:
Num	Count	Duration
1024	9284	9		
2048	20611	12		
4096	45315	12
8192	98849	18	
16384	214167	32	
32768	461038	54	

--------
Ordered:
Num	Count	Duration
1024				
2048			
4096				
8192		
16384			
32768			

Unordered:
Num	Count	Duration
1024				
2048				
4096		
8192			
16384			
32768		

